8184220292
6894574035
6502935387
6073782805
5935362941
5411660513
5103607036
4743032944
4717902147
4381722431
4564250434
4205870329
4080580336
3911960641
3858414258
3690136367
3675372571
3420324148
3284501847
3133047109
3254366520
3263010248
3115743638
3120159031
3105793102
3010625478
2941503415
3020839945
3114971448
3053767186
3232293798
3129567589
3330546737
3106860688
2911802327
2829809493
2452549636
2633879065
2501301402
2304135930
2161946184
1826583891
1786783468
1713740076
1612180407
1550876393
1470743400
1425536202
1483448222
1421682778
1483665211
1435313670
1318184735
1268248203
1056582202
804136036
709200138
786554945
902938239
904688774
967096233
1022392170
1023791551
1018146643
993320338
971830620
853224221
804522115
895315798
1013724606
1049352798
980364917
1013773976
1035837121
932518326
926904801
907305979
999909141
1271086291
1088874543
1256124888
994808751
946405350
1075128817
1074223491
1081251326
1198107731
1214795822
1264175253
1213366639
1199425780
1163646985
1315037632
1316581524
1285110265
1296062576
1317638262
1201034192
1212110601
1202913367
1194673434
1146173920
1010935409
950528418
966235908
903394937
838387285
844690512
905321229
804904443
757961420
725314617
774619944
767504871
703449764
769081451
782538781
829235251
725802405
687759451
684000330
577626163
538814915
574104027
601999071
601244572
575300907
520267515
503182681
488849680
451706276
500425460
454334293
450242417
458351955
421998054
421881604
349935241
359348504
386434758
527075534
514981083
465692646
501301715
544114648
500787018
590302292
552547561
488450793
455450835
425097967
415985204
409392134
372584612
405767742
379909444
391887084
341524695
301626308
325033239
359904073
362704149
305137303
290636717
319570436
306542165
271678159
260186106
263674762
273360981
300973877
234799137
225278966
216592226
205461645
255936528
252703638
209437441
220257096
149373719
178112603
130151689
147594737
141570045
137033664
119318930
121623854
104284002
129048143
135111979
113677334
107539499
107618423
90998078
91093386
72859098
85099750
68531984
49298867
66186903
43674267
27628567
21341208
20755015
27093466
25502787
24299532
23852494
24480417
22503937
23166790
20171576
25407838
23473819
12553475
12983141
13400540
10834372
8848879
9374119
9386867
9285681
7839880
12267408
10685984
9261249
9376261
8469966
9485447
9697669
11803114
8763733
12090328
9065472
9469028
4983976
5968110
5206852
3734139
4954590
7288188
10340246
8066382
8153916
3461051
8900726
9137358
8621705
5417290
6553056
8442063
6000935
4461833
12963403
2215148
4246788
4942058
4173104
3914334
2559437
3398351
7381586
3265791
2631826
1885155
2930115
2914327
1385151
3794253
4383686
3902423
4096929
3585450
4242627
3431018
2126981
1750154
1387149
1478674
1603244
2018336
1917245
1523660
1221962
774667
1209982
1867253
857344
340381
1474592
1652915
330642
1220488
1037580
903010
1628994
733896
1744199
1135237
1245758
1153897
